1 26959535291011309493156476344723991336010898738574164086137773096960
2017 26959535291011309493156476344723991336010898738574164086137773096960
4033 26959535291011309493156476344723991336010898738574164086137773096960
6049 26959535291011309493156476344723991336010898738574164086137773096960
8065 26959535291011309493156476344723991336010898738574164086137773096960
10081 26959535291011309493156476344723991336010898738574164086137773096960
12097 26959535291011309493156476344723991336010898738574164086137773096960
14113 26959535291011309493156476344723991336010898738574164086137773096960
16129 26959535291011309493156476344723991336010898738574164086137773096960
18145 26959535291011309493156476344723991336010898738574164086137773096960
20161 26959535291011309493156476344723991336010898738574164086137773096960
22177 26959535291011309493156476344723991336010898738574164086137773096960
24193 26959535291011309493156476344723991336010898738574164086137773096960
26209 26959535291011309493156476344723991336010898738574164086137773096960
28225 26959535291011309493156476344723991336010898738574164086137773096960
30241 26959535291011309493156476344723991336010898738574164086137773096960
32257 22791060871177364286867400663010583169263383106957897897309909286912
34273 20657664212610420653213483117824978239553266057163961604478437687296
36289 20055820920770189543295303139304627292355830414308479769458683936768
38305 14823939180767414932263578623363531361763221729526512593941781544960
40321 10665477591887247494381404907447500979192021944764506987270680608768
42337 7129927859545590787920041835044506526699926406309469412482969763840
44353 5949911473257063494842414979623989957440207170696926280907451531264
46369 5905492491837656485645884063467495540781288435542782321354050895872
48385 4430143390146946405787502162943966061454423600514874825749833973760
50401 3447600406241317909690675945127070282093452846402311540118831235072
52417 2351604382534916182160036119666703740669209516522695514729880748032
54433 2098151686442211199940455690614286210348997571531298297574806519808
56449 2275790652544821279950241890112140030244814501479017131553197129728
58465 1622203955679450683159610732218403647246163922223729367236739072000
60481 1551048739079662593758612650769536967206480773659027300489594142720
62497 1389323280429349294447518501872137680563441219958739463959193059328
64513 1147152896345386682952518188670047452875537662186691235300769792000
66529 594007861936424273334637371358095438347537381057796937154824241152
68545 148501965484106068333659342839523859586884345264449234288706060288
70561 110393429764504113949181711819653188468070301266890302199533928448
72577 76554528428498296726819074079132986384157750623812250673757552640
74593 52678642966898219212816601311127992435882858542187514726849708032
76609 43246870766561725070861386869077695524372774526710079316876591104
78625 37817516728945957090904676150631917288430706594442690521085247488
80641 29373101246077110899697012205905070265841442578602225419818106880
82657 20444488966645742314409346972440253478913291170842138088329707520
84673 19563849255781403323327768731100757126732627316116500830377476096
86689 12545026348036226200394850922278603223904369245268262607334146048
88705 8719867261221084516486306056196045840260667577454435863762042880
90721 5942996718418989293499865695368015163438891473576991811912597504
92737 3926013280397599483741094494745234959951218212740030386090803200
94753 3337321571246095014985518819479127172783474909736415373333364736
96769 2200419182034594781720344474937177839165432393990533906392154112
98785 1861311314983800126815643622927230076368334845814253369901973504
100801 1653206561150525499452195696179626311675293455763937233695932416
102817 1462200632444444190489436459820840230299714881944341127503020032
104833 1224744150896501443874292381730317417444978877835711165914677248
106849 1036989760889350435547200084292752907272941324136347429599444992
108865 739430030225080220618328322475016688484025266646974337550123008
110881 484975157177710342494716926626447514974484083994735770500857856
112897 353833947722011807976659613996792948209273674048993161457434624
114913 390843739553851677760235428436025349398613161749553108945469440
116929 327394795212563108599383268946242257264650552916910648089116672
118945 291935447509363748964474894494542149680088347011133317125767168
120961 245823858161213192073337185391658632187400443916100519594033152
122977 171262555713783851185422181139260521316022447660158187451973632
124993 110438984653392107399822606842181601255647711092336854093004800
127009 61993465896324436412959469550829248888675813063783317791309824
129025 47525089675259291211422247200069659468817014361857087365971968
131041 30742228348699538311994447367921718297595975288392383715082240
133057 19547336162709893274575855467812492508787617050928192350584832
135073 17248274092338559882155796390905381469049315669915374897332224
137089 15943936487596784557029840069157210316687734428242467413295104
139105 14273467308195657992975774342458504496649432985410431166185472
141121 14930233597189143322113827544414041000381079823613435714732032
143137 15164766714763258952996988973449124317842091658872414191747072
145153 15357836632983707094928406965317628870031114888441593128288256
147169 15958672964717750944291813934170287689797412223641384931819520
149185 18362361570655080300849714079315004638119732162003921272832000
151201 22401652017447755518156310839596703571934659990690572544245760
153217 22607619418140130980719672680045705126213018528712048676700160
155233 24717289559589094364468373797949472355802981654048927838633984
157249 23340814324747679919001773364939281849550099124416593832968192
159265 23242391331131109072962566885467580392541369223033474166816768
161281 21554562042243053719921017803645315870071034703425342074257408
163297 20615546854515052444405957679617344022137222968655050411343872
165313 19540887421473929614259883543522244007742949396702043752628224
167329 19588382523276445241758125434587686389961661359576757951266816
169345 18009299117968233362105684657812007807160912568078774269116416
171361 17993483763986497389087426516491816616385967180337839494660096
173377 16574638092431222848464934504874974361824393751455373256032256
175393 17085559845791583266730740536950670241169412424878408752693248
177409 17870687961287995446644888885900316642120964851955511819501568
179425 15554707140145502641228553657813466188995512591033787398225920
181441 16944226977030767532657500340718760127019357828074148225613824
183457 17028747171100603034973679895960153979114298528140818252824576
185473 15614535766060906942258863525753414259523988166363835227176960
187489 15392654931672180089790308609774483894682932641297604569726976
189505 14444739009842829731785903206212823051010663269705670545375232
191521 13237058963854547748734324548161076199478283141947127217782784
193537 12305424274651356593961118223415860240572779254789271782948864
195553 11046080738989403765716562970384822165842244193743674858799104
197569 10007073282210984973971337419529346944295676968729147521105920
199585 9412783771427520201810837309176674245361798887059324066070528
201601 8825801199382903987726989797449454220615414953524072026210304
203617 8774971387283464186072960143252932765613148614319486309236736
205633 8158785580212107593904235970576336449063725988071903546310656
207649 8002789794116287035234223109988652176644807295346590313611264
209665 7839560629067579481152758851432818444879208153964570478641152
211681 7999430563890709006856701613305138698914315019190763857641472
213697 9047927233058169382412882048952728634925849476849852060008448
215713 8296391419817537486273948666838217011279219811331013552898048
217729 9081029136740872581753422344739175313292014241889017867010048
219745 8230751570811169734692743946971314968326461977249645504495616
221761 7384127474250891166670391848516180960454656786677558849568768
223777 6172230000534146257480611019445716458048957888854766248787968
225793 5561365017980676031428107027647386014985059524839404952616960
227809 4026319404534786334009451711043898716884778820756489262596096
229825 3513558656525386849113615662535622466519417660386833443323904
231841 3004083578955603829930099910053556479043735076695139267117056
233857 2675541054922611112919804040984964595022815308724929898217472
235873 2409843108029446766213067266805752590003732794677225687351296
237889 2218268905456883731807407021635746739577921454491297946533888
239905 1727551573307299192250197436766000536509732237655131060961280
241921 1394031503757574068227953656553224448260418805016069352194048
243937 1263610003247723462826224891154624535497729630761756072607744
245953 1030450001678223668360152541055867895065240185756254103142400
247969 862513010327976103705811440432628413487564277790886242287616
249985 720982641204331278205950312227594303241470815982254303477760
252001 530591525189316709998942710962548491505413142398652303540224
254017 410030579894253754102159787320079652501746816512444002729984
256033 310118479516817784682897231521434079438159381558537557639168
258049 239366800071949252578530950352093786414793290792735831228416
260065 181156297885756721946540202079438048595571151633323613224960
262081 142431093377788751676361246670241704468765375727695350988800
264097 100696259189502783924473792493100546893980348528488767029248
266113 68962778243821519216393853205209897734463141354237780295680
268129 52765641310467331636297188681879886184148735229489015947264
270145 44233472386696495417387091608220539804351405166731810832384
272161 38110290672195532365762668664552282566878756832852091863040
274177 29679649578007061283718812081441644170496168236939550392320
276193 22829202948393929850749706076701368331072452018388575715328
278209 19005913916847449503306572434028937600915626422125897711616
280225 15065005852539512185984435657022720640916062598235628240896
282241 12288698618318346282960995223961541766142764336009759948800
284257 10284386012808371892335572105827331142617405906583881252864
286273 8614444778121073626993210829679478604092861119379437256704
288289 7065379129219572345353864175298106702426244380437224882176
290305 6343094824615218102798845742064326605321937397913065881600
292321 5384518863803604621895699676581808210968416076987222720512
294337 4405349994161605759458363322921957536960017949107037405184
296353 3863038134637689339706803268689141874606936642244315185152
298369 3369574570478873127315415525946742317481702644901195284480
300385 3045099693687311168583241534842989903432036285033490677760
302401 2578448441038522347123624842639328775756428679710156783616
304417 2293149852232440455888971398133692017055281498246925516800
306433 2002553378451099534811946324256852041059202347552707969024
308449 1602972750958019380418919163663316163747908621623690788864
310465 1555090122338762644529309082074529684497336694348804259840
312481 1438882362326364789097016808333128944459434864174551793664
314497 1366448002777625511026173062127977611952455397852592472064
316513 1130631509982695295834811811892052032638591596239280668672
318529 982897592923314645728937741958820396011314229953349812224
320545 903780639904017349860452775965599807564731663176966340608
322561 777796486219054632155478957346406689849105796561635377152
324577 770217816864616291160628694313702426464491250746461782016
326593 749174812297985386116525053725808178560617045558724395008
328609 680733321990486529407107157001552378184394215934016880640
330625 668970595596618687654683311252875969389523722950049529856
332641 673862533877092685902494685124943911912916060357898797056
334657 683252062220249508849116041812776958610205092831121375232
336673 663358803453687177159928221638562617962497973903752691712
338689 613111582105360026820898034285227810088764320248934432768
340705 653202279051259096361833571150520065936493508031976308736
342721 606439838822957553646521558653356639834299145437709336576
344737 577485176368838834686684127480472050622611986764206702592
346753 568436119447114618883887501211268589217582000336195813376
348769 577075114085443079269506210404847846798089003835028668416
350785 545227566982404669720599751103563308707559049533419683840
352801 566251116039239425785056264238964437451875594947144974336
354817 565860883410058976058672534759150528155363303710710038528
356833 552364745922238091561919045022000637317595931246011088896
358849 566500670366816952120145379831520408210047884740723212288
360865 542528489142608155505707877213460200687386787807972294656
362881 545717322027080804612101478705745866012577831152301113344
364897 527827980769521817826567786138322798799309668948178370560
366913 515692606534173891771672037645739723025219384908133171200
368929 511567664312971151375333957573881285830542480898837708800
370945 496889230460615059653870414954457230681194245244172894208
372961 473325989086544548323169648982069700877697035484407005184
374977 454358737757395076722955683517864397151243915416267915264
376993 443316987659242217350916733941384923365365929826941140992
379009 442802913227320896234856097023585967110900073490544590848
381025 433057199397126884276233483897801969646324654385408245760
383041 409419129139225030716120689261979366152221060879441985536
385057 370716507988397359530778284103407727265240291588416995328
387073 340818253309165415058055171484606858815006633875327680512
389089 288495652867775987986282369150900282132304927019642126336
391105 259524902203633530447121351815377152077137395840706412544
393121 237834253647442358407456603145452341381064939329604812800
395137 224600391397450328424792273873642383828872941895338164224
397153 187067719845325692996306936867878122094522982476155977728
399169 164898540577033087399552264895286015147022701908103004160
401185 170169861298531990750482624090969781281789404909188153344
403201 162900609378736249874251099581569547607832255884553093120
407233 150883090635422687830679296233896712896447026244773478400
