558
618
605
612
577
556
565
614
615
634
557
588
547
1010
579
592
530
537
619
556
617
629
555
590
582
617
712
901
671
620
618
578
617
561
585
631
551
510
531
592
609
662
604
610
653
591
517
567
651
591
601
584
615
590
600
576
630
618
696
597
655
647
561
646
626
634
595
546
534
648
619
591
579
609
609
615
655
664
632
619
577
599
584
606
568
682
650
555
643
629
589
602
503
641
567
588
575
643
587
632
572
536
541
667
567
606
619
543
579
562
613
602
656
611
548
624
523
628
539
609
540
603
569
593
602
584
628
570
501
569
583
611
625
569
594
555
515
595
530
569
546
620
607
572
670
643
583
601
600
597
570
542
512
566
576
577
701
575
526
589
570
620
527
645
550
689
577
740
637
500
587
616
569
567
548
663
558
560
598
591
598
666
628
604
647
600
637
750
611
586
623
611
621
584
610
702
638
595
547
653
665
634
610
607
628
587
613
569
540
609
631
562
563
541
674
543
589
557
532
707
538
534
677
587
653
550
588
522
657
561
581
650
566
586
612
570
599
505
555
544
656
558
608
725
568
634
567
560
650
615
655
495
589
570
578
678
654
615
619
615
492
560
609
555
591
682
558
552
562
609
663
564
508
635
576
604
600
614
485
624
579
550
645
645
579
561
633
559
599
573
579
542
578
648
598
625
498
493
572
613
587
548
574
632
541
567
592
585
499
580
555
597
593
604
565
488
566
576
521
606
595
607
633
579
521
556
627
627
553
519
597
531
638
595
576
562
624
613
682
556
556
561
649
613
576
537
510
639
553
536
566
535
621
620
626
606
529
557
582
595
690
569
572
595
571
554
560
587
553
575
582
578
569
538
640
556
523
598
634
642
568
584
513
627
574
583
563
583
601
623
548
626
582
558
571
556
505
573
559
527
518
619
583
588
553
553
572
613
513
568
567
651
537
531
583
574
597
613
513
570
549
547
548
508
644
590
518
540
597
533
563
614
566
577
929
632
580
547
612
562
564
568
650
579
628
629
652
520
569
623
618
600
589
550
565
549
509
547
591
562
530
572
907
533
621
585
596
548
511
592
561
551
564
596
552
579
566
508
627
623
601
618
564
537
602
559
638
647
576
523
572
576
573
630
637
593
694
604
550
599
539
433
566
625
502
584
577
552
531
577
548
571
613
597
522
598
716
613
570
573
570
590
605
608
618
601
571
602
599
575
609
544
631
608
586
567
592
601
618
533
524
502
618
639
565
640
597
532
548
556
609
555
593
506
637
580
604
562
629
493
624
543
541
550
539
580
558
525
585
579
568
571
566
493
557
546
606
500
544
549
558
562
593
548
538
582
568
530
581
583
542
585
536
567
595
551
621
508
549
588
577
546
592
508
581
554
618
508
555
541
510
545
513
521
538
509
481
546
566
511
530
550
554
541
596
561
560
663
537
556
565
607
584
604
565
545
538
522
578
580
542
561
597
565
545
592
520
511
528
607
537
569
575
502
549
586
559
562
566
504
537
554
532
643
562
502
554
556
563
566
648
506
571
603
569
604
594
570
607
572
600
562
589
534
639
527
544
560
503
577
597
550
639
560
549
518
591
533
553
536
604
579
524
555
629
618
525
542
510
598
573
542
599
541
546
568
566
566
551
589
600
507
534
566
563
539
498
564
549
530
570
585
589
587
591
578
514
601
542
588
532
513
481
554
570
557
551
597
550
631
517
530
560
503
576
529
517
595
577
580
661
584
510
535
581
543
535
607
600
507
522
573
526
549
547
621
596
560
562
511
521
511
540
507
560
561
536
562
548
517
514
598
528
609
610
512
611
514
622
501
558
556
438
552
527
564
580
545
570
481
501
598
494
575
458
571
527
535
650
565
624
559
550
514
601
567
522
597
544
559
572
513
592
540
574
565
568
486
489
596
562
564
554
590
511
582
528
575
582
551
526
602
515
591
532
484
582
572
559
653
600
481
553
577
544
508
481
588
541
530
573
503
574
564
533
494
532
621
628
578
567
554
537
602
550
521
578
545
589
525
492
514
564
533
558
563
530
550
536
586
531
588
561
655
470
569
571
496
660
560
570
568
533
591
548
589
580
528
530
500
530
594
586
533
601
532
551
513
639
527
559
534
624
531
695
678
576
568
559
515
610
482
595
545
557
522
562
504
603
527
515
559
576
578
539
547
520
523
493
548
522
495
521
592
564
570
597
593
474
569
459
580
536
498
490
563
549
499
557
546
598
574
583
535
509
515
564
528
630
567
581
564
535
523
563
578
584
504
538
576
579
489
573
480
550
584
558
533
573
503
528
506
546
552
589
558
563
581
529
597
525
544
529
595
524
628
524
625
528
626
570
517
580
540
503
554
526
522
607
536
553
574
532
508
544
570
523
557
565
505
531
503
566
601
543
601
532
508
648
591
528
478
555
537
527
529
587
605
513
538
458
556
563
558
610
541
496
577
531
545
552
507
562
571
493
549
499
510
600
578
549
588
555
514
562
568
553
541
527
536
542
527
486
541
529
541
507
509
517
509
532
510
535
504
596
554
537
563
481
582
625
527
513
542
534
555
558
559
559
496
586
497
549
531
560
505
515
547
519
455
579
610
552
547
558
515
569
522
510
529
531
472
555
512
475
576
564
550
580
545
555
511
558
579
588
561
521
564
571
608
540
590
564
533
579
499
601
542
584
571
632
532
591
614
530
530
635
526
571
510
473
616
539
531
518
528
602
595
535
583
536
560
580
593
625
583
563
561
544
533
981
523
640
548
618
552
542
613
604
511
612
583
444
594
612
621
572
601
570
558
545
627
492
529
558
545
556
481
564
559
620
606
508
527
499
535
518
566
601
541
515
478
582
567
534
590
663
545
527
515
509
583
545
588
544
579
535
520
563
581
605
504
527
581
520
459
670
579
608
581
606
627
596
515
628
577
491
663
583
560
534
516
478
526
628
564
597
550
568
515
629
663
676
514
665
497
550
641
520
565
597
556
517
563
510
576
562
610
510
510
621
512
593
550
528
566
512
468
535
513
501
535
529
599
524
523
531
515
532
544
581
521
514
550
521
575
524
520
552
574
580
555
538
537
564
557
540
496
576
562
529
536
547
490
568
564
555
541
608
547
535
514
498
531
530
538
540
493
533
524
510
518
539
498
492
480
529
529
637
528
548
532
523
572
585
545
590
574
545
561
485
616
514
558
554
541
522
548
528
520
555
529
548
492
566
566
565
527
542
612
544
560
523
574
529
605
634
504
522
553
523
494
557
513
574
573
517
472
565
579
515
585
509
492
461
554
565
530
533
501
522
564
516
526
580
472
588
535
570
572
466
604
486
544
524
502
590
523
603
581
517
537
560
584
533
462
575
532
541
550
563
559
523
521
530
496
521
611
507
520
537
562
564
529
523
565
501
528
485
647
524
520
511
529
584
576
526
541
551
561
695
533
540
572
531
554
554
520
494
553
476
506
547
573
512
581
507
543
600
478
561
559
548
504
536
551
572
608
499
531
639
542
512
508
564
579
538
522
500
523
551
535
563
568
491
476
543
593
529
510
546
531
506
540
543
585
547
523
543
547
506
599
537
558
582
570
697
541
703
609
615
510
558
548
487
555
571
560
510
509
531
546
509
552
577
552
541
569
566
513
491
504
507
510
421
483
548
536
488
494
524
586
477
529
492
531
549
457
503
514
550
532
568
578
570
511
560
562
522
515
522
519
575
500
531
510
514
554
499
553
596
523
541
562
515
522
521
511
508
543
536
545
582
562
475
542
564
477
527
515
512
550
481
524
519
558
586
531
558
511
571
495
517
514
551
506
573
483
581
534
538
509
528
586
457
573
515
505
572
500
493
570
492
500
499
495
532
512
514
531
523
510
559
517
562
563
494
538
533
556
584
566
474
569
497
523
535
482
574
575
468
577
501
503
510
582
466
564
517
539
498
525
579
479
557
542
523
476
525
521
540
478
551
532
565
568
421
495
475
616
520
537
552
465
553
552
558
558
582
517
578
488
590
547
488
612
526
478
499
539
561
475
552
561
503
537
550
523
507
507
602
594
488
556
499
609
490
507
483
541
513
578
577
507
533
537
501
459
564
554
569
562
565
542
548
584
512
488
529
499
548
506
506
578
463
497
514
529
554
546
473
543
569
514
580
548
548
507
519
596
515
576
505
579
538
488
544
482
536
585
515
429
515
540
514
526
524
526
575
508
504
498
447
456
587
501
520
541
522
510
477
534
601
613
611
544
524
563
503
525
526
536
502
522
525
526
538
514
521
500
557
528
607
531
611
548
543
573
548
593
511
523
464
570
581
516
575
589
558
540
551
538
556
502
494
467
527
498
484
519
537
552
534
493
515
631
502
577
550
551
572
495
536
553
611
508
499
564
541
476
521
522
602
443
531
534
521
531
588
438
447
498
469
497
569
489
592
528
535
541
535
506
536
504
550
495
507
468
538
527
513
558
508
553
538
563
542
592
516
494
520
492
534
499
479
507
446
535
547
471
564
488
490
516
563
535
523
573
480
550
492
513
562
542
512
517
537
591
499
522
523
498
539
533
558
535
542
500
535
510
588
563
503
505
570
618
